2214838982
5044281310
2400966427
2382356540
2656274875
2316814285
1980768563
1748546201
1111681197
1700132950
1642088277
1591684244
1269285350
2764517242
1618051664
2516406423
1651080203
1400652955
1676582524
2040110461
1113218211
1747804012
1314608344
1644114654
2803301701
2242349527
1062623637
2512769044
2182537064
1403915120
1226984920
3973253410
2020477491
1947884063
2286908003
1766610544
1974576991
1613962150
1998988241
2709876063
1823331324
1092493017
2906521192
2561446561
1731641225
1400798461
1889213710
1720962692
1652811601
3173951675
1676106475
2288735533
1881786510
1777716255
1319417172
1235569064
1885454921
2035895904
1249424622
2291429207
2199180467
1764058362
1214576137
1787920531
1900964862
2552013542
1802348650
2637056034
1229361080
2002551584
1912162341
1433512494
1418515322
1889511787
1659314492
1905538303
1731141821
1836002417
1912273717
2348604107
1887855570
1718420312
1188203673
1075498490
2201109250
1517916214
2550315300
2014603995
5306194089
2070641753
1887344341
1682534647
1051292340
2328516855
1921495471
1240911507
1658187530
1851471043
1753155163
1344414000
2311936944
1650240884
2371019235
1432187644
1011032043
2573842852
1662245660
1066324537
1242455472
1249487171
1568391047
2113576243
2382356540
1403054155
1459272740
1418078783
2353227834
2014407730
1080805430
2709577332
3052465574
2270549757
1642744491
1323192704
1097565313
1301068995
1298535315
1697601814
1558432561
1294014735
1117618413
1593502622
1258619737
1954444085
1449895880
1926296781
1279027503
5028892209
1351183294
1906793885
1735047885
1400155577
2422007220
2097024354
1435160552
2857669253
1528190410
1560638422
2304284334
2156958834
1588732055
1877405305
1439468794
2186316972
1497176564
2176306152
1806128454
1661873982
1497234571
2634241741
2318910945
2573119002
1281918902
1400378353
2190497042
1656737654
1720799561
1690060104
1644489953
1726080417
1179393941
1403803554
1067188800
1736574887
1045529987
2418292800
1454560380
1807715644
1368805177
1477045392
3851880442
1898756901
3167571163
1809144300
2645833223
3700017784
1638630570
3217459400
1718420312
1653460650
1323192704
1219760062
1784473157
1722883092
3939426052
1696780221
1845864154
1952820681
1248859885
2210369534
1847582585
1465746540
3193847300
2479801784
1905701417
1632170517
1145635324
2707534537
2205254504
2786364420
1496814565
1495452561
1686132315
1987082983
2864715600
1865990891
1851471043
1143072874
1284705994
1430008815
1433680664
2343802071
1806128454
2719325441
1711135301
2128988813
3645372137
1460146490
2093768140
1469056512
2028810631
2810373291
1952817617
1301904252
1908813417
2610344707
1907533073
1180665752
1846354833
2458371534
1699540307
2117146352
1699432410
1804160172
1257436835
1120664271
2265829000
1561015262
1267831823
1228827487
1162960662
3172080307
2457530475
1749267185
2050260197
5051675817
2286319847
1714632187
3268047813
1513412472
2731534770
1430817381
1862496300
2207576357
1672392695
1862506300
2212311917
1453321221
1936312200
1190573714
1954038987
1704636430
1792702427
1750134734
3227020453
1063549064
1640601392
1565079245
1672097180
1648544895
2258770812
1649173367
1660452532
1130495504
1414019522
2157271672
2202719323
1832647620
3273453625
1649759615
3170766712
1751808872
2301762597
1494720324
1407365952
1174022902
1852831085
1770929775
1642630424
1700648435
3823554401
2172170014
1323527941
1653076903
1111338181
2563494105
5608272697
2274595604
1742856737
1476810850
2049269982
1874361623
2036908061
2127801155
1845864154
3690740622
1497087080
1882397354
2053061043
1653603955
1584255432
1837182502
1154814715
1672988797
2696049583
1653532985
1309282271
1834020144
1943128881
1677587212
1707078222
1231497895
2046610400
3312865730
1233914290
1787426113
2141898105
2554665971
1414734233
1197863207
1039302717
2977491702
1749990115
1493758432
2573979061
1859428970
2663751563
1878572677
1732104677
2812231775
1644088831
1801817195
1904902194
1789362487
3229267977
2097012312
1804256552
1915677713
2620124513
1410430583
1622762690
5182171545
1762577334
1698823241
1678005794
2486317624
2273201804
1856848404
3304413334
5444593531
1601410642
1226984920
1586923571
1663072851
1746067030
2259661342
2647349703
1756726347
2087169013
1358096523
5528324631
1684992301
2501519087
1866401901
2718007755
1719055332
2651783633
1644948230
2334162530
1583337862
2886404105
2632236847
1263862995
1960785875
1825296291
1655238055
1042023490
1847123567
1869328492
1887790981
1463029193
1428299024
1403308950
1314342693
2410935000
2486433832
1607259884
1790772843
1245929632
1774181624
3183107112
2256231983
2615417307
1987160311
2537882762
1790840195
1268111325
1558578472
2408791330
3753451045
1944255247
2830125342
2156372723
1695443257
2615626492
1876963161
1408937281
1749926850
2147458001
3710258141
1975531243
1837687634
1417019265
2696481994
1287028103
1114428482
2606218210
1760469072
1700720163
1899003497
1420157965
1642512402
1635806445
5538027806
1577826897
2565994974
1404341155
1242961985
1677991972
1688654732
5228539085
103759
1980768563
2702339024
1893967354
2188202475
1622762690
5021125709
2489846930
5018637328
2590243137
2174881770
1674330217
2041028560
1946021112
1571951631
1489902265
2693214734
1400147030
1245353917
1791041965
1497023300
1296529233
1650414555
1967640767
3175401761
1423320142
1050136624
1651428902
2683018011
2017555335
1358776365
1703545820
1682603434
3546332963
2726989822
2068411905
3856700983
1809144300
1242053401
2760296044
1652801553
1131439047
1402828774
1896650227
5593500431
3229062983
5053469079
1198922655
3887179249
1717833412
1935167034
2013767622
1684415147
1991111684
1947884063
1213865383
1797019724
1200412177
1864523015
531080
1765648063
2297876173
1404082823
1641428154
2251042134
3185839240
1663612603
1864523015
2860954042
1197635397
2552013542
2474974065
2656455925
1812818223
3708524475
2787406320
2748597475
1417159582
5393381067
2871954747
2097152664
1401746337
5126675170
1406229470
1285452502
1750358910
1644213993
1274712314
3365355414
1863286160
1748564565
1738360917
1104534672
5178439273
1742013781
1832988012
1068530722
5459181838
2174847535
5692362344
1891572142
1797204534
2287345852
1225281100
2954722443
1635764393
1097414213
1676526491
3181366165
1650111241
1617587774
1654653060
3266943013
240419290
2103804337
1748715812
2826658292
1896393083
2230913455
3019025514
1652355141
1068246700
1701367442
1461736685
2087875965
2409482243
1752318382
1805523850
2242349527
1914650447
1425721431
2122615351
2093591281
1865104194
3845535207
2816283061
2830125342
1250806423
1689328101
1837182502
1780366302
2611378052
1807431510
1767006741
1734530730
5658536867
2332992900
1171267821
1613451640
1849106510
2280497692
2185639735
1676106475
1045530323
3334004620
1726918143
2612736765
1639646377
1265824581
2362164935
2198400795
1319967941
3305132577
2050745647
1078926120
1732073385
1623494501
1938523582
2301977973
5340018941
2031805397
1750553234
2739355124
1219699234
2683193022
2550315300
3209607832
1800358727
1644120882
5360908185
1678000523
1309045512
5573088741
1744259092
5490447502
2203550951
1777716255
1598530141
2659980483
2049561621
2093087137
1065242271
2992981892
5309977346
1713392272
1583529990
1749899883
1925878362
1974808274
2114150347
1654134123
1971087561
1684637664
2822104704
1645817972
1723129462
2512769044
1496846867
2206708995
2268909494
1947335820
3127808417
1663483992
1907106083
5113625566
5591090697
2254072542
1406059990
2591287985
1834020144
2619919113
5362515623
3177516502
1698823241
1768009884
2635136764
5031100920
1904723325
1771528111
3212426447
1195266092
1825667977
2826958355
3057540037
1742856737
3040681963
2590465721
1268940745
1197927132
2387440992
1508729947
1462649411
1400665747
1971087561
1770789671
2804827393
1072088637
1567252702
3856700983
1938735955
2698378901
1944842973
2852060445
1973241917
5603370238
1496809922
1895431523
5627625721
1617743175
1792895287
1675323240
1991584104
2486433832
1245637750
1417328452
1760598955
1811851731
1408877591
1400652955
2291481300
1805099512
1810414653
2196865184
2053961731
1764976540
1507541954
1826123962
2199842904
1783370532
1210417191
5381010739
2208703620
2798802297
1784178347
1561564790
1228283747
1684452940
1427406340
2617786612
2091922303
1149259833
1661598840
1764312552
1740729167
1273701104
2443970485
1529507932
5632030076
5656274930
1981035235
2137342032
1915546641
1684415147
2289897513
1824040405
1738567244
2693583271
1588967943
2422450644
2115325034
1666944534
2610232244
3194463860
2473820052
1497882593
1849220992
2736165120
3075410971
1819393384
1266938852
2660862497
1995622223
1242455472
1746215377
1833708632
1691691352
1487200050
1410789172
1301014507
2712269231
1813279077
2027642807
1087344834
1165335560
2636180571
1602139313
1780853173
5137649914
1747804012
1501903841
1598217395
3946376600
2289897513
1258879900
2670197211
5187181341
1668589317
1866401901
1729417164
2008915893
1188092132
1691507817
2212518065
2830803945
2350822417
3764674343
5172288805
1736574887
5153476478
2147990960
1400122904
1801939222
1721314305
2274374025
1861915720
3678831590
1316321961
1678269190
1962818665
2858155014
1111338181
5609728372
2398394532
2038866232
3904097778
1824894984
5033325742
5057192632
1094452124
2344532741
1819393384
3183622662
3255025781
2673905465
2771984863
1933626242
2097580845
1401109700
5301341545
1293122732
2618839493
1406744094
2549578244
1440539667
2343471857
1900933493
1566562303
5358226756
1867248207
2473933250
1805425170
1415883092
1861882960
2245819014
2050506733
3479049905
2280722594
2040443667
1588967943
3086560070
1437600247
1737737970
1361423213
1649208340
1744729263
1400249353
2548911535
1714632187
2140585607
1793964615
1727678227
2344505093
3083109981
1714327877
1660141095
1850374111
1703371307
1215470641
3884247481
1665156845
2118550862
3888467465
1805099512
3342422794
1085054927
2784361770
2378123772
5626132006
2501533402
1751714412
3049817110
1588125901
1094268680
1233914290
1403308950
2359162503
2318985774
1739986073
3556710867
2632216060
1765648063
1648599921
2422481400
2893798977
2232615690
2637056034
3840768703
1232668942
1916966323
5148795094
1904426575
1358784533
1655444627
1744112742
1933626242
2301997764
1751801762
1597893061
1842492544
2992325391
5589640267
5604268104
5217355826
3678831590
1803419435
1421309552
2682006003
1367557270
2289012140
3052465574
2648909654
1662096023
2360616023
3910667401
1483717171
3450995360
1364630277
3511184735
103759
3178850370
3481079677
1302774704
1435675531
1701627705
1231668867
2013080830
2660862497
5551800330
2595669667
5082320692
1663483992
3513821477
1435893624
3957826402
1405831501
5253502311
1811276982
1265997811
1397407952
3081347807
1977043593
3515267842
2672687873
1844748577
3296095072
1058106635
2091315501
2141922513
2169554495
2860091204
1770545650
1446884975
5225736965
3881380517
1340385424
2201140251
1680082221
5115110646
2753994201
1726080417
1780429007
1439131774
1622524663
1912222221
1722479555
1400592142
2106493504
1408007445
1773563932
1819538533
3604378011
2272542057
1769869792
2170291565
1741124047
2593839132
1768636210
2859890164
1623033400
